Chargement : D:/Telechargement/DAS-dataset/data/longboard/longboardroad_2023-04-17T123638+0100.h5
Signal brut shape : (1541600, 1700)
Bitmap shape       : (752, 1700)
Pourcentage d'événements : 0.435%
Canal choisi pour visualisation détaillée : 166

Fenêtres contenant l'événement : [ 25  26  27  28  29  30  31  32  33  34  35  36  37  38  39  40  41  42
  43  44  45  46  47  48  49  50  51  52  53  54  55  56  57  58  59  60
  61  62  63  64  65  66  67  68  69  70  71  72  73  74  75  76  77  78
  79  80  81  82  83  84  85  86  87  88  89  90  91  92  93  94  95  96
  97  98  99 100 101 102 103 104 105 106 107 108 109 110 111 201 202 203
 204 205 206 207 208 209 210 211 212 213 214 215 216 217 218 219 220 221
 222 223 224 225 226 227 228 229 230 231 232 233 234 235 236 237 238 239
 240 241 242 243 244 245 246 247 248 249 250 251 252 253 254 255 256 257
 258 259 260 261 262 263 264 265 320 321 322 323 324 325 326 327 328 329
 330 331 332 333 334 335 336 337 338 339 340 341 342 343 344 345 346 347
 348 349 350 351 352 353 354 438 439 440 441 442 443 444 445 446 447 448
 449 450 451 452 453 454 455 456 457 458 459 460 461 462 463 464 465 466
 467 468 469 470 471 472 473 474 475 476 511 512 513 514 515 516 517 518
 519 520 521 522 523 524 525 526 527 528 529 530 531 532 533 534 535 536
 537 538 539 540 541 542 543 544 545 682 683 684 685 686 687 688 689 690
 691 692 693 694 695 696 697 698 699 700 701 702 703 704 705 706 707 708
 709 710 711 712 713 714 715 716 717 718 719 720 721 722 723 724 725 726
 727 728 729 730 731 732 733 734 735 736 737 738 739 740 741]
Première fenêtre active : 25
Dernière fenêtre active  : 741

Nombre de canaux où l'événement a été détecté : 99
Canaux actifs (distances approx) : [117 118 119 120 121 122 123 124 125 126 127 128 129 130 131 132 133 134
 135 136 137 138 139 140 141 142 143 144 145 146 147 148 149 150 151 152
 153 154 155 156 157 158 159 160 161 162 163 164 165 166 167 168 169 170
 171 172 277 278 279 280 281 282 283 284 285 286 287 288 289 290 291 292
 293 294 295 296 297 298 299 300 301 302 303 304 305 306 307 335 336 337
 338 339 340 341 342 343 344 345 346]
Plage des canaux actifs : de 117 à 346
Canaux les plus actifs : [117, 118, 119, 120, 121, 122, 123, 124, 125, 126] ...

Top 5 canaux les plus actifs :
  Canal  127 → 92 fenêtres actives
  Canal  125 → 91 fenêtres actives
  Canal  130 → 90 fenêtres actives
  Canal  129 → 90 fenêtres actives
  Canal  128 → 90 fenêtres actives
